+-------------------------------------------------------------------------------------------------------------------------------------------------------------------------------------------------------------------------------+
; Legal Partition Candidates                                                                                                                                                                                                    ;
+--------------------------+-------+----------------+--------------+----------------+--------+-----------------+---------------+-----------------+-------+----------------+--------------+------------------+-------------------+
; Hierarchy                ; Input ; Constant Input ; Unused Input ; Floating Input ; Output ; Constant Output ; Unused Output ; Floating Output ; Bidir ; Constant Bidir ; Unused Bidir ; Input only Bidir ; Output only Bidir ;
+--------------------------+-------+----------------+--------------+----------------+--------+-----------------+---------------+-----------------+-------+----------------+--------------+------------------+-------------------+
; inst114                  ; 9     ; 0              ; 0            ; 0              ; 4      ; 0               ; 0             ; 0               ; 0     ; 0              ; 0            ; 0                ; 0                 ;
; inst37                   ; 14    ; 0              ; 0            ; 0              ; 4      ; 0               ; 0             ; 0               ; 0     ; 0              ; 0            ; 0                ; 0                 ;
; inst36                   ; 14    ; 0              ; 0            ; 0              ; 4      ; 0               ; 0             ; 0               ; 0     ; 0              ; 0            ; 0                ; 0                 ;
; inst11                   ; 14    ; 0              ; 0            ; 0              ; 4      ; 0               ; 0             ; 0               ; 0     ; 0              ; 0            ; 0                ; 0                 ;
; inst144                  ; 9     ; 4              ; 0            ; 4              ; 4      ; 4               ; 4             ; 4               ; 0     ; 0              ; 0            ; 0                ; 0                 ;
; inst121                  ; 9     ; 0              ; 0            ; 0              ; 4      ; 0               ; 0             ; 0               ; 0     ; 0              ; 0            ; 0                ; 0                 ;
; inst35                   ; 18    ; 0              ; 0            ; 0              ; 4      ; 0               ; 0             ; 0               ; 0     ; 0              ; 0            ; 0                ; 0                 ;
; inst33                   ; 14    ; 0              ; 0            ; 0              ; 4      ; 0               ; 0             ; 0               ; 0     ; 0              ; 0            ; 0                ; 0                 ;
; inst12                   ; 14    ; 0              ; 0            ; 0              ; 4      ; 0               ; 0             ; 0               ; 0     ; 0              ; 0            ; 0                ; 0                 ;
; inst146                  ; 9     ; 4              ; 0            ; 4              ; 4      ; 4               ; 4             ; 4               ; 0     ; 0              ; 0            ; 0                ; 0                 ;
; inst122                  ; 9     ; 0              ; 0            ; 0              ; 4      ; 0               ; 0             ; 0               ; 0     ; 0              ; 0            ; 0                ; 0                 ;
; inst30                   ; 14    ; 0              ; 0            ; 0              ; 4      ; 0               ; 0             ; 0               ; 0     ; 0              ; 0            ; 0                ; 0                 ;
; inst29                   ; 14    ; 0              ; 0            ; 0              ; 4      ; 0               ; 0             ; 0               ; 0     ; 0              ; 0            ; 0                ; 0                 ;
; inst19                   ; 2     ; 0              ; 0            ; 0              ; 1      ; 0               ; 0             ; 0               ; 0     ; 0              ; 0            ; 0                ; 0                 ;
; inst17|inst2|inst2       ; 0     ; 10             ; 0            ; 10             ; 10     ; 10              ; 10            ; 10              ; 0     ; 0              ; 0            ; 0                ; 0                 ;
; inst17|inst2|inst331     ; 20    ; 1              ; 0            ; 1              ; 11     ; 1               ; 1             ; 1               ; 0     ; 0              ; 0            ; 0                ; 0                 ;
; inst17|inst2|inst        ; 13    ; 1              ; 0            ; 1              ; 10     ; 1               ; 1             ; 1               ; 0     ; 0              ; 0            ; 0                ; 0                 ;
; inst17|inst2             ; 1     ; 0              ; 0            ; 0              ; 10     ; 0               ; 0             ; 0               ; 0     ; 0              ; 0            ; 0                ; 0                 ;
; inst17|inst5             ; 21    ; 10             ; 0            ; 10             ; 10     ; 10              ; 10            ; 10              ; 0     ; 0              ; 0            ; 0                ; 0                 ;
; inst17|inst4             ; 12    ; 0              ; 0            ; 0              ; 10     ; 0               ; 0             ; 0               ; 0     ; 0              ; 0            ; 0                ; 0                 ;
; inst17                   ; 23    ; 3              ; 20           ; 3              ; 13     ; 3               ; 3             ; 3               ; 0     ; 0              ; 0            ; 0                ; 0                 ;
; inst13                   ; 14    ; 0              ; 0            ; 0              ; 4      ; 0               ; 0             ; 0               ; 0     ; 0              ; 0            ; 0                ; 0                 ;
; inst150                  ; 16    ; 9              ; 0            ; 9              ; 3      ; 9               ; 9             ; 9               ; 0     ; 0              ; 0            ; 0                ; 0                 ;
; inst154                  ; 2     ; 0              ; 0            ; 0              ; 1      ; 0               ; 0             ; 0               ; 0     ; 0              ; 0            ; 0                ; 0                 ;
; inst83                   ; 11    ; 8              ; 0            ; 8              ; 8      ; 8               ; 8             ; 8               ; 0     ; 0              ; 0            ; 0                ; 0                 ;
; inst108                  ; 16    ; 10             ; 0            ; 10             ; 3      ; 10              ; 10            ; 10              ; 0     ; 0              ; 0            ; 0                ; 0                 ;
; inst148                  ; 9     ; 4              ; 0            ; 4              ; 4      ; 4               ; 4             ; 4               ; 0     ; 0              ; 0            ; 0                ; 0                 ;
; inst105                  ; 5     ; 1              ; 0            ; 1              ; 8      ; 1               ; 1             ; 1               ; 0     ; 0              ; 0            ; 0                ; 0                 ;
; inst135                  ; 6     ; 4              ; 0            ; 4              ; 4      ; 4               ; 4             ; 4               ; 0     ; 0              ; 0            ; 0                ; 0                 ;
; inst101                  ; 5     ; 2              ; 0            ; 2              ; 8      ; 2               ; 2             ; 2               ; 0     ; 0              ; 0            ; 0                ; 0                 ;
; inst110                  ; 0     ; 7              ; 0            ; 7              ; 7      ; 7               ; 7             ; 7               ; 0     ; 0              ; 0            ; 0                ; 0                 ;
; inst109                  ; 14    ; 1              ; 0            ; 1              ; 8      ; 1               ; 1             ; 1               ; 0     ; 0              ; 0            ; 0                ; 0                 ;
; inst130                  ; 0     ; 7              ; 0            ; 7              ; 7      ; 7               ; 7             ; 7               ; 0     ; 0              ; 0            ; 0                ; 0                 ;
; inst129                  ; 14    ; 0              ; 0            ; 0              ; 3      ; 0               ; 0             ; 0               ; 0     ; 0              ; 0            ; 0                ; 0                 ;
; inst54                   ; 21    ; 0              ; 0            ; 0              ; 10     ; 0               ; 0             ; 0               ; 0     ; 0              ; 0            ; 0                ; 0                 ;
; inst53                   ; 32    ; 0              ; 0            ; 0              ; 10     ; 0               ; 0             ; 0               ; 0     ; 0              ; 0            ; 0                ; 0                 ;
; inst52                   ; 21    ; 0              ; 0            ; 0              ; 10     ; 0               ; 0             ; 0               ; 0     ; 0              ; 0            ; 0                ; 0                 ;
; inst51                   ; 32    ; 0              ; 0            ; 0              ; 10     ; 0               ; 0             ; 0               ; 0     ; 0              ; 0            ; 0                ; 0                 ;
; inst50                   ; 21    ; 0              ; 0            ; 0              ; 10     ; 0               ; 0             ; 0               ; 0     ; 0              ; 0            ; 0                ; 0                 ;
; inst49                   ; 32    ; 0              ; 0            ; 0              ; 10     ; 0               ; 0             ; 0               ; 0     ; 0              ; 0            ; 0                ; 0                 ;
; inst48                   ; 21    ; 0              ; 0            ; 0              ; 10     ; 0               ; 0             ; 0               ; 0     ; 0              ; 0            ; 0                ; 0                 ;
; inst47                   ; 32    ; 0              ; 0            ; 0              ; 10     ; 0               ; 0             ; 0               ; 0     ; 0              ; 0            ; 0                ; 0                 ;
; inst99                   ; 1     ; 0              ; 0            ; 0              ; 1      ; 0               ; 0             ; 0               ; 0     ; 0              ; 0            ; 0                ; 0                 ;
; inst94                   ; 1     ; 0              ; 0            ; 0              ; 1      ; 0               ; 0             ; 0               ; 0     ; 0              ; 0            ; 0                ; 0                 ;
; inst80                   ; 1     ; 0              ; 0            ; 0              ; 1      ; 0               ; 0             ; 0               ; 0     ; 0              ; 0            ; 0                ; 0                 ;
; inst78                   ; 1     ; 0              ; 0            ; 0              ; 1      ; 0               ; 0             ; 0               ; 0     ; 0              ; 0            ; 0                ; 0                 ;
; inst107|inst24           ; 1     ; 1              ; 0            ; 1              ; 1      ; 1               ; 1             ; 1               ; 0     ; 0              ; 0            ; 0                ; 0                 ;
; inst107|inst18           ; 0     ; 4              ; 0            ; 4              ; 4      ; 4               ; 4             ; 4               ; 0     ; 0              ; 0            ; 0                ; 0                 ;
; inst107|inst19           ; 0     ; 4              ; 0            ; 4              ; 4      ; 4               ; 4             ; 4               ; 0     ; 0              ; 0            ; 0                ; 0                 ;
; inst107|inst2032134      ; 0     ; 4              ; 0            ; 4              ; 4      ; 4               ; 4             ; 4               ; 0     ; 0              ; 0            ; 0                ; 0                 ;
; inst107|inst7            ; 4     ; 1              ; 0            ; 1              ; 1      ; 1               ; 1             ; 1               ; 0     ; 0              ; 0            ; 0                ; 0                 ;
; inst107|inst4324         ; 20    ; 2              ; 0            ; 2              ; 3      ; 2               ; 2             ; 2               ; 0     ; 0              ; 0            ; 0                ; 0                 ;
; inst107|inst6            ; 0     ; 10             ; 0            ; 10             ; 10     ; 10              ; 10            ; 10              ; 0     ; 0              ; 0            ; 0                ; 0                 ;
; inst107|inst43           ; 0     ; 10             ; 0            ; 10             ; 10     ; 10              ; 10            ; 10              ; 0     ; 0              ; 0            ; 0                ; 0                 ;
; inst107|inst5            ; 0     ; 10             ; 0            ; 10             ; 10     ; 10              ; 10            ; 10              ; 0     ; 0              ; 0            ; 0                ; 0                 ;
; inst107|570              ; 13    ; 0              ; 0            ; 0              ; 10     ; 0               ; 0             ; 0               ; 0     ; 0              ; 0            ; 0                ; 0                 ;
; inst107|inst42           ; 20    ; 2              ; 0            ; 2              ; 3      ; 2               ; 2             ; 2               ; 0     ; 0              ; 0            ; 0                ; 0                 ;
; inst107|inst236          ; 13    ; 0              ; 0            ; 0              ; 10     ; 0               ; 0             ; 0               ; 0     ; 0              ; 0            ; 0                ; 0                 ;
; inst107|inst5324         ; 20    ; 2              ; 0            ; 2              ; 3      ; 2               ; 2             ; 2               ; 0     ; 0              ; 0            ; 0                ; 0                 ;
; inst107|inst122421       ; 20    ; 2              ; 0            ; 2              ; 3      ; 2               ; 2             ; 2               ; 0     ; 0              ; 0            ; 0                ; 0                 ;
; inst107|inst4            ; 0     ; 11             ; 0            ; 11             ; 11     ; 11              ; 11            ; 11              ; 0     ; 0              ; 0            ; 0                ; 0                 ;
; inst107|inst103          ; 22    ; 2              ; 0            ; 2              ; 3      ; 2               ; 2             ; 2               ; 0     ; 0              ; 0            ; 0                ; 0                 ;
; inst107|inst12           ; 1     ; 0              ; 0            ; 0              ; 1      ; 0               ; 0             ; 0               ; 0     ; 0              ; 0            ; 0                ; 0                 ;
; inst107|inst21315        ; 3     ; 0              ; 0            ; 0              ; 11     ; 0               ; 0             ; 0               ; 0     ; 0              ; 0            ; 0                ; 0                 ;
; inst107|inst5567         ; 22    ; 13             ; 0            ; 13             ; 3      ; 13              ; 13            ; 13              ; 0     ; 0              ; 0            ; 0                ; 0                 ;
; inst107|inst32225        ; 3     ; 0              ; 0            ; 0              ; 11     ; 0               ; 0             ; 0               ; 0     ; 0              ; 0            ; 0                ; 0                 ;
; inst107|inst891          ; 20    ; 2              ; 0            ; 2              ; 3      ; 2               ; 2             ; 2               ; 0     ; 0              ; 0            ; 0                ; 0                 ;
; inst107                  ; 25    ; 40             ; 1            ; 40             ; 53     ; 40              ; 40            ; 40              ; 0     ; 0              ; 0            ; 0                ; 0                 ;
; inst76                   ; 4     ; 1              ; 0            ; 1              ; 1      ; 1               ; 1             ; 1               ; 0     ; 0              ; 0            ; 0                ; 0                 ;
; inst20|inst24            ; 1     ; 1              ; 0            ; 1              ; 1      ; 1               ; 1             ; 1               ; 0     ; 0              ; 0            ; 0                ; 0                 ;
; inst20|inst18            ; 0     ; 4              ; 0            ; 4              ; 4      ; 4               ; 4             ; 4               ; 0     ; 0              ; 0            ; 0                ; 0                 ;
; inst20|inst19            ; 0     ; 4              ; 0            ; 4              ; 4      ; 4               ; 4             ; 4               ; 0     ; 0              ; 0            ; 0                ; 0                 ;
; inst20|inst2032134       ; 0     ; 4              ; 0            ; 4              ; 4      ; 4               ; 4             ; 4               ; 0     ; 0              ; 0            ; 0                ; 0                 ;
; inst20|inst4324          ; 20    ; 2              ; 0            ; 2              ; 3      ; 2               ; 2             ; 2               ; 0     ; 0              ; 0            ; 0                ; 0                 ;
; inst20|inst6             ; 0     ; 10             ; 0            ; 10             ; 10     ; 10              ; 10            ; 10              ; 0     ; 0              ; 0            ; 0                ; 0                 ;
; inst20|inst43            ; 0     ; 10             ; 0            ; 10             ; 10     ; 10              ; 10            ; 10              ; 0     ; 0              ; 0            ; 0                ; 0                 ;
; inst20|inst5             ; 0     ; 10             ; 0            ; 10             ; 10     ; 10              ; 10            ; 10              ; 0     ; 0              ; 0            ; 0                ; 0                 ;
; inst20|570               ; 13    ; 0              ; 0            ; 0              ; 10     ; 0               ; 0             ; 0               ; 0     ; 0              ; 0            ; 0                ; 0                 ;
; inst20|inst42            ; 20    ; 2              ; 0            ; 2              ; 3      ; 2               ; 2             ; 2               ; 0     ; 0              ; 0            ; 0                ; 0                 ;
; inst20|inst236           ; 13    ; 0              ; 0            ; 0              ; 10     ; 0               ; 0             ; 0               ; 0     ; 0              ; 0            ; 0                ; 0                 ;
; inst20|inst5324          ; 20    ; 2              ; 0            ; 2              ; 3      ; 2               ; 2             ; 2               ; 0     ; 0              ; 0            ; 0                ; 0                 ;
; inst20|inst122421        ; 20    ; 2              ; 0            ; 2              ; 3      ; 2               ; 2             ; 2               ; 0     ; 0              ; 0            ; 0                ; 0                 ;
; inst20|inst4             ; 0     ; 11             ; 0            ; 11             ; 11     ; 11              ; 11            ; 11              ; 0     ; 0              ; 0            ; 0                ; 0                 ;
; inst20|inst103           ; 22    ; 2              ; 0            ; 2              ; 3      ; 2               ; 2             ; 2               ; 0     ; 0              ; 0            ; 0                ; 0                 ;
; inst20|inst12            ; 1     ; 0              ; 0            ; 0              ; 1      ; 0               ; 0             ; 0               ; 0     ; 0              ; 0            ; 0                ; 0                 ;
; inst20|inst21315         ; 3     ; 0              ; 0            ; 0              ; 11     ; 0               ; 0             ; 0               ; 0     ; 0              ; 0            ; 0                ; 0                 ;
; inst20|inst5567          ; 22    ; 13             ; 0            ; 13             ; 3      ; 13              ; 13            ; 13              ; 0     ; 0              ; 0            ; 0                ; 0                 ;
; inst20|inst32225         ; 3     ; 0              ; 0            ; 0              ; 11     ; 0               ; 0             ; 0               ; 0     ; 0              ; 0            ; 0                ; 0                 ;
; inst20|inst891           ; 20    ; 2              ; 0            ; 2              ; 3      ; 2               ; 2             ; 2               ; 0     ; 0              ; 0            ; 0                ; 0                 ;
; inst20                   ; 25    ; 1              ; 1            ; 1              ; 56     ; 1               ; 1             ; 1               ; 0     ; 0              ; 0            ; 0                ; 0                 ;
; inst26|inst24            ; 1     ; 1              ; 0            ; 1              ; 1      ; 1               ; 1             ; 1               ; 0     ; 0              ; 0            ; 0                ; 0                 ;
; inst26|inst12            ; 1     ; 1              ; 0            ; 1              ; 1      ; 1               ; 1             ; 1               ; 0     ; 0              ; 0            ; 0                ; 0                 ;
; inst26|inst18            ; 0     ; 4              ; 0            ; 4              ; 4      ; 4               ; 4             ; 4               ; 0     ; 0              ; 0            ; 0                ; 0                 ;
; inst26|inst19            ; 0     ; 4              ; 0            ; 4              ; 4      ; 4               ; 4             ; 4               ; 0     ; 0              ; 0            ; 0                ; 0                 ;
; inst26|inst2032134       ; 0     ; 4              ; 0            ; 4              ; 4      ; 4               ; 4             ; 4               ; 0     ; 0              ; 0            ; 0                ; 0                 ;
; inst26|inst4324          ; 20    ; 2              ; 0            ; 2              ; 3      ; 2               ; 2             ; 2               ; 0     ; 0              ; 0            ; 0                ; 0                 ;
; inst26|inst4             ; 0     ; 10             ; 0            ; 10             ; 10     ; 10              ; 10            ; 10              ; 0     ; 0              ; 0            ; 0                ; 0                 ;
; inst26|inst236           ; 13    ; 0              ; 0            ; 0              ; 10     ; 0               ; 0             ; 0               ; 0     ; 0              ; 0            ; 0                ; 0                 ;
; inst26|inst5324          ; 20    ; 2              ; 0            ; 2              ; 3      ; 2               ; 2             ; 2               ; 0     ; 0              ; 0            ; 0                ; 0                 ;
; inst26|inst21315         ; 13    ; 0              ; 0            ; 0              ; 11     ; 0               ; 0             ; 0               ; 0     ; 0              ; 0            ; 0                ; 0                 ;
; inst26|inst122421        ; 20    ; 2              ; 0            ; 2              ; 3      ; 2               ; 2             ; 2               ; 0     ; 0              ; 0            ; 0                ; 0                 ;
; inst26|inst17            ; 0     ; 11             ; 0            ; 11             ; 11     ; 11              ; 11            ; 11              ; 0     ; 0              ; 0            ; 0                ; 0                 ;
; inst26|inst31            ; 0     ; 10             ; 0            ; 10             ; 10     ; 10              ; 10            ; 10              ; 0     ; 0              ; 0            ; 0                ; 0                 ;
; inst26|inst30            ; 20    ; 1              ; 0            ; 1              ; 11     ; 1               ; 1             ; 1               ; 0     ; 0              ; 0            ; 0                ; 0                 ;
; inst26|inst7             ; 0     ; 10             ; 0            ; 10             ; 10     ; 10              ; 10            ; 10              ; 0     ; 0              ; 0            ; 0                ; 0                 ;
; inst26|inst27|inst2      ; 0     ; 10             ; 0            ; 10             ; 10     ; 10              ; 10            ; 10              ; 0     ; 0              ; 0            ; 0                ; 0                 ;
; inst26|inst27|inst331    ; 20    ; 1              ; 0            ; 1              ; 11     ; 1               ; 1             ; 1               ; 0     ; 0              ; 0            ; 0                ; 0                 ;
; inst26|inst27|inst       ; 13    ; 1              ; 0            ; 1              ; 10     ; 1               ; 1             ; 1               ; 0     ; 0              ; 0            ; 0                ; 0                 ;
; inst26|inst27            ; 11    ; 0              ; 0            ; 0              ; 10     ; 0               ; 0             ; 0               ; 0     ; 0              ; 0            ; 0                ; 0                 ;
; inst26|inst6             ; 20    ; 2              ; 0            ; 2              ; 3      ; 2               ; 2             ; 2               ; 0     ; 0              ; 0            ; 0                ; 0                 ;
; inst26|inst8             ; 23    ; 2              ; 0            ; 2              ; 11     ; 2               ; 2             ; 2               ; 0     ; 0              ; 0            ; 0                ; 0                 ;
; inst26|inst11            ; 22    ; 1              ; 0            ; 1              ; 12     ; 1               ; 1             ; 1               ; 0     ; 0              ; 0            ; 0                ; 0                 ;
; inst26|inst2             ; 0     ; 10             ; 0            ; 10             ; 10     ; 10              ; 10            ; 10              ; 0     ; 0              ; 0            ; 0                ; 0                 ;
; inst26|inst3             ; 0     ; 10             ; 0            ; 10             ; 10     ; 10              ; 10            ; 10              ; 0     ; 0              ; 0            ; 0                ; 0                 ;
; inst26|inst43            ; 0     ; 10             ; 0            ; 10             ; 10     ; 10              ; 10            ; 10              ; 0     ; 0              ; 0            ; 0                ; 0                 ;
; inst26|inst42            ; 20    ; 2              ; 0            ; 2              ; 3      ; 2               ; 2             ; 2               ; 0     ; 0              ; 0            ; 0                ; 0                 ;
; inst26|570               ; 13    ; 0              ; 0            ; 0              ; 10     ; 0               ; 0             ; 0               ; 0     ; 0              ; 0            ; 0                ; 0                 ;
; inst26|inst5567          ; 20    ; 2              ; 0            ; 2              ; 3      ; 2               ; 2             ; 2               ; 0     ; 0              ; 0            ; 0                ; 0                 ;
; inst26|inst32225         ; 13    ; 0              ; 0            ; 0              ; 11     ; 0               ; 0             ; 0               ; 0     ; 0              ; 0            ; 0                ; 0                 ;
; inst26|inst891           ; 20    ; 2              ; 0            ; 2              ; 3      ; 2               ; 2             ; 2               ; 0     ; 0              ; 0            ; 0                ; 0                 ;
; inst26                   ; 24    ; 0              ; 1            ; 0              ; 54     ; 0               ; 0             ; 0               ; 0     ; 0              ; 0            ; 0                ; 0                 ;
; inst15|inst24            ; 1     ; 1              ; 0            ; 1              ; 1      ; 1               ; 1             ; 1               ; 0     ; 0              ; 0            ; 0                ; 0                 ;
; inst15|inst12            ; 1     ; 1              ; 0            ; 1              ; 1      ; 1               ; 1             ; 1               ; 0     ; 0              ; 0            ; 0                ; 0                 ;
; inst15|inst18            ; 0     ; 4              ; 0            ; 4              ; 4      ; 4               ; 4             ; 4               ; 0     ; 0              ; 0            ; 0                ; 0                 ;
; inst15|inst19            ; 0     ; 4              ; 0            ; 4              ; 4      ; 4               ; 4             ; 4               ; 0     ; 0              ; 0            ; 0                ; 0                 ;
; inst15|inst2032134       ; 0     ; 4              ; 0            ; 4              ; 4      ; 4               ; 4             ; 4               ; 0     ; 0              ; 0            ; 0                ; 0                 ;
; inst15|inst4324          ; 20    ; 2              ; 0            ; 2              ; 3      ; 2               ; 2             ; 2               ; 0     ; 0              ; 0            ; 0                ; 0                 ;
; inst15|inst4             ; 0     ; 10             ; 0            ; 10             ; 10     ; 10              ; 10            ; 10              ; 0     ; 0              ; 0            ; 0                ; 0                 ;
; inst15|inst236           ; 13    ; 0              ; 0            ; 0              ; 10     ; 0               ; 0             ; 0               ; 0     ; 0              ; 0            ; 0                ; 0                 ;
; inst15|inst5324          ; 20    ; 2              ; 0            ; 2              ; 3      ; 2               ; 2             ; 2               ; 0     ; 0              ; 0            ; 0                ; 0                 ;
; inst15|inst21315         ; 13    ; 0              ; 0            ; 0              ; 11     ; 0               ; 0             ; 0               ; 0     ; 0              ; 0            ; 0                ; 0                 ;
; inst15|inst122421        ; 20    ; 2              ; 0            ; 2              ; 3      ; 2               ; 2             ; 2               ; 0     ; 0              ; 0            ; 0                ; 0                 ;
; inst15|inst17            ; 0     ; 11             ; 0            ; 11             ; 11     ; 11              ; 11            ; 11              ; 0     ; 0              ; 0            ; 0                ; 0                 ;
; inst15|inst31            ; 0     ; 10             ; 0            ; 10             ; 10     ; 10              ; 10            ; 10              ; 0     ; 0              ; 0            ; 0                ; 0                 ;
; inst15|inst30            ; 20    ; 1              ; 0            ; 1              ; 11     ; 1               ; 1             ; 1               ; 0     ; 0              ; 0            ; 0                ; 0                 ;
; inst15|inst7             ; 0     ; 10             ; 0            ; 10             ; 10     ; 10              ; 10            ; 10              ; 0     ; 0              ; 0            ; 0                ; 0                 ;
; inst15|inst27|inst2      ; 0     ; 10             ; 0            ; 10             ; 10     ; 10              ; 10            ; 10              ; 0     ; 0              ; 0            ; 0                ; 0                 ;
; inst15|inst27|inst331    ; 20    ; 1              ; 0            ; 1              ; 11     ; 1               ; 1             ; 1               ; 0     ; 0              ; 0            ; 0                ; 0                 ;
; inst15|inst27|inst       ; 13    ; 1              ; 0            ; 1              ; 10     ; 1               ; 1             ; 1               ; 0     ; 0              ; 0            ; 0                ; 0                 ;
; inst15|inst27            ; 11    ; 0              ; 0            ; 0              ; 10     ; 0               ; 0             ; 0               ; 0     ; 0              ; 0            ; 0                ; 0                 ;
; inst15|inst6             ; 20    ; 2              ; 0            ; 2              ; 3      ; 2               ; 2             ; 2               ; 0     ; 0              ; 0            ; 0                ; 0                 ;
; inst15|inst8             ; 23    ; 2              ; 0            ; 2              ; 11     ; 2               ; 2             ; 2               ; 0     ; 0              ; 0            ; 0                ; 0                 ;
; inst15|inst11            ; 22    ; 1              ; 0            ; 1              ; 12     ; 1               ; 1             ; 1               ; 0     ; 0              ; 0            ; 0                ; 0                 ;
; inst15|inst2             ; 0     ; 10             ; 0            ; 10             ; 10     ; 10              ; 10            ; 10              ; 0     ; 0              ; 0            ; 0                ; 0                 ;
; inst15|inst3             ; 0     ; 10             ; 0            ; 10             ; 10     ; 10              ; 10            ; 10              ; 0     ; 0              ; 0            ; 0                ; 0                 ;
; inst15|inst43            ; 0     ; 10             ; 0            ; 10             ; 10     ; 10              ; 10            ; 10              ; 0     ; 0              ; 0            ; 0                ; 0                 ;
; inst15|inst42            ; 20    ; 2              ; 0            ; 2              ; 3      ; 2               ; 2             ; 2               ; 0     ; 0              ; 0            ; 0                ; 0                 ;
; inst15|570               ; 13    ; 0              ; 0            ; 0              ; 10     ; 0               ; 0             ; 0               ; 0     ; 0              ; 0            ; 0                ; 0                 ;
; inst15|inst5567          ; 20    ; 2              ; 0            ; 2              ; 3      ; 2               ; 2             ; 2               ; 0     ; 0              ; 0            ; 0                ; 0                 ;
; inst15|inst32225         ; 13    ; 0              ; 0            ; 0              ; 11     ; 0               ; 0             ; 0               ; 0     ; 0              ; 0            ; 0                ; 0                 ;
; inst15|inst891           ; 20    ; 2              ; 0            ; 2              ; 3      ; 2               ; 2             ; 2               ; 0     ; 0              ; 0            ; 0                ; 0                 ;
; inst15                   ; 24    ; 0              ; 1            ; 0              ; 54     ; 0               ; 0             ; 0               ; 0     ; 0              ; 0            ; 0                ; 0                 ;
; inst136                  ; 3     ; 0              ; 0            ; 0              ; 4      ; 0               ; 0             ; 0               ; 0     ; 0              ; 0            ; 0                ; 0                 ;
; inst137                  ; 6     ; 5              ; 0            ; 5              ; 3      ; 5               ; 5             ; 5               ; 0     ; 0              ; 0            ; 0                ; 0                 ;
; inst138                  ; 2     ; 0              ; 0            ; 0              ; 1      ; 0               ; 0             ; 0               ; 0     ; 0              ; 0            ; 0                ; 0                 ;
; inst84                   ; 2     ; 0              ; 0            ; 0              ; 1      ; 0               ; 0             ; 0               ; 0     ; 0              ; 0            ; 0                ; 0                 ;
; inst87                   ; 3     ; 0              ; 0            ; 0              ; 3      ; 0               ; 0             ; 0               ; 0     ; 0              ; 0            ; 0                ; 0                 ;
; inst112                  ; 6     ; 0              ; 0            ; 0              ; 1      ; 0               ; 0             ; 0               ; 0     ; 0              ; 0            ; 0                ; 0                 ;
; inst27|inst24            ; 1     ; 1              ; 0            ; 1              ; 1      ; 1               ; 1             ; 1               ; 0     ; 0              ; 0            ; 0                ; 0                 ;
; inst27|inst18            ; 0     ; 4              ; 0            ; 4              ; 4      ; 4               ; 4             ; 4               ; 0     ; 0              ; 0            ; 0                ; 0                 ;
; inst27|inst19            ; 0     ; 4              ; 0            ; 4              ; 4      ; 4               ; 4             ; 4               ; 0     ; 0              ; 0            ; 0                ; 0                 ;
; inst27|inst2032134       ; 0     ; 4              ; 0            ; 4              ; 4      ; 4               ; 4             ; 4               ; 0     ; 0              ; 0            ; 0                ; 0                 ;
; inst27|inst4324          ; 20    ; 2              ; 0            ; 2              ; 3      ; 2               ; 2             ; 2               ; 0     ; 0              ; 0            ; 0                ; 0                 ;
; inst27|inst5             ; 0     ; 10             ; 0            ; 10             ; 10     ; 10              ; 10            ; 10              ; 0     ; 0              ; 0            ; 0                ; 0                 ;
; inst27|inst43            ; 0     ; 10             ; 0            ; 10             ; 10     ; 10              ; 10            ; 10              ; 0     ; 0              ; 0            ; 0                ; 0                 ;
; inst27|inst6             ; 0     ; 10             ; 0            ; 10             ; 10     ; 10              ; 10            ; 10              ; 0     ; 0              ; 0            ; 0                ; 0                 ;
; inst27|570               ; 13    ; 0              ; 0            ; 0              ; 10     ; 0               ; 0             ; 0               ; 0     ; 0              ; 0            ; 0                ; 0                 ;
; inst27|inst42            ; 20    ; 2              ; 0            ; 2              ; 3      ; 2               ; 2             ; 2               ; 0     ; 0              ; 0            ; 0                ; 0                 ;
; inst27|inst236           ; 13    ; 0              ; 0            ; 0              ; 10     ; 0               ; 0             ; 0               ; 0     ; 0              ; 0            ; 0                ; 0                 ;
; inst27|inst5324          ; 20    ; 2              ; 0            ; 2              ; 3      ; 2               ; 2             ; 2               ; 0     ; 0              ; 0            ; 0                ; 0                 ;
; inst27|inst122421        ; 20    ; 2              ; 0            ; 2              ; 3      ; 2               ; 2             ; 2               ; 0     ; 0              ; 0            ; 0                ; 0                 ;
; inst27|inst4             ; 0     ; 11             ; 0            ; 11             ; 11     ; 11              ; 11            ; 11              ; 0     ; 0              ; 0            ; 0                ; 0                 ;
; inst27|inst103           ; 22    ; 2              ; 0            ; 2              ; 3      ; 2               ; 2             ; 2               ; 0     ; 0              ; 0            ; 0                ; 0                 ;
; inst27|inst12            ; 1     ; 0              ; 0            ; 0              ; 1      ; 0               ; 0             ; 0               ; 0     ; 0              ; 0            ; 0                ; 0                 ;
; inst27|inst21315         ; 3     ; 0              ; 0            ; 0              ; 11     ; 0               ; 0             ; 0               ; 0     ; 0              ; 0            ; 0                ; 0                 ;
; inst27|inst5567          ; 22    ; 13             ; 0            ; 13             ; 3      ; 13              ; 13            ; 13              ; 0     ; 0              ; 0            ; 0                ; 0                 ;
; inst27|inst32225         ; 3     ; 0              ; 0            ; 0              ; 11     ; 0               ; 0             ; 0               ; 0     ; 0              ; 0            ; 0                ; 0                 ;
; inst27|inst891           ; 20    ; 2              ; 0            ; 2              ; 3      ; 2               ; 2             ; 2               ; 0     ; 0              ; 0            ; 0                ; 0                 ;
; inst27                   ; 25    ; 1              ; 1            ; 1              ; 56     ; 1               ; 1             ; 1               ; 0     ; 0              ; 0            ; 0                ; 0                 ;
; inst57                   ; 3     ; 0              ; 0            ; 0              ; 1      ; 0               ; 0             ; 0               ; 0     ; 0              ; 0            ; 0                ; 0                 ;
; inst68|inst78            ; 1     ; 1              ; 0            ; 1              ; 1      ; 1               ; 1             ; 1               ; 0     ; 0              ; 0            ; 0                ; 0                 ;
; inst68|inst63            ; 12    ; 10             ; 0            ; 10             ; 10     ; 10              ; 10            ; 10              ; 0     ; 0              ; 0            ; 0                ; 0                 ;
; inst68|inst39            ; 0     ; 4              ; 0            ; 4              ; 4      ; 4               ; 4             ; 4               ; 0     ; 0              ; 0            ; 0                ; 0                 ;
; inst68|inst18            ; 0     ; 4              ; 0            ; 4              ; 4      ; 4               ; 4             ; 4               ; 0     ; 0              ; 0            ; 0                ; 0                 ;
; inst68|inst25            ; 9     ; 0              ; 0            ; 0              ; 4      ; 0               ; 0             ; 0               ; 0     ; 0              ; 0            ; 0                ; 0                 ;
; inst68|inst45            ; 0     ; 4              ; 0            ; 4              ; 4      ; 4               ; 4             ; 4               ; 0     ; 0              ; 0            ; 0                ; 0                 ;
; inst68|inst19            ; 0     ; 4              ; 0            ; 4              ; 4      ; 4               ; 4             ; 4               ; 0     ; 0              ; 0            ; 0                ; 0                 ;
; inst68|inst26            ; 9     ; 0              ; 0            ; 0              ; 4      ; 0               ; 0             ; 0               ; 0     ; 0              ; 0            ; 0                ; 0                 ;
; inst68|inst46            ; 0     ; 4              ; 0            ; 4              ; 4      ; 4               ; 4             ; 4               ; 0     ; 0              ; 0            ; 0                ; 0                 ;
; inst68|inst2032134       ; 0     ; 4              ; 0            ; 4              ; 4      ; 4               ; 4             ; 4               ; 0     ; 0              ; 0            ; 0                ; 0                 ;
; inst68|inst32            ; 9     ; 0              ; 0            ; 0              ; 4      ; 0               ; 0             ; 0               ; 0     ; 0              ; 0            ; 0                ; 0                 ;
; inst68|inst4323          ; 20    ; 2              ; 0            ; 2              ; 3      ; 2               ; 2             ; 2               ; 0     ; 0              ; 0            ; 0                ; 0                 ;
; inst68|inst89            ; 0     ; 10             ; 0            ; 10             ; 10     ; 10              ; 10            ; 10              ; 0     ; 0              ; 0            ; 0                ; 0                 ;
; inst68|inst88            ; 20    ; 1              ; 0            ; 1              ; 11     ; 1               ; 1             ; 1               ; 0     ; 0              ; 0            ; 0                ; 0                 ;
; inst68|inst235           ; 14    ; 0              ; 0            ; 0              ; 10     ; 0               ; 0             ; 0               ; 0     ; 0              ; 0            ; 0                ; 0                 ;
; inst68|inst5323          ; 20    ; 2              ; 0            ; 2              ; 3      ; 2               ; 2             ; 2               ; 0     ; 0              ; 0            ; 0                ; 0                 ;
; inst68|inst21314         ; 13    ; 0              ; 0            ; 0              ; 10     ; 0               ; 0             ; 0               ; 0     ; 0              ; 0            ; 0                ; 0                 ;
; inst68|inst122aasd       ; 20    ; 2              ; 0            ; 2              ; 3      ; 2               ; 2             ; 2               ; 0     ; 0              ; 0            ; 0                ; 0                 ;
; inst68|inst92            ; 0     ; 10             ; 0            ; 10             ; 10     ; 10              ; 10            ; 10              ; 0     ; 0              ; 0            ; 0                ; 0                 ;
; inst68|inst87            ; 0     ; 10             ; 0            ; 10             ; 10     ; 10              ; 10            ; 10              ; 0     ; 0              ; 0            ; 0                ; 0                 ;
; inst68|inst86            ; 20    ; 1              ; 0            ; 1              ; 11     ; 1               ; 1             ; 1               ; 0     ; 0              ; 0            ; 0                ; 0                 ;
; inst68|inst24            ; 1     ; 0              ; 0            ; 0              ; 1      ; 0               ; 0             ; 0               ; 0     ; 0              ; 0            ; 0                ; 0                 ;
; inst68|inst109           ; 0     ; 10             ; 0            ; 10             ; 10     ; 10              ; 10            ; 10              ; 0     ; 0              ; 0            ; 0                ; 0                 ;
; inst68|inst50            ; 20    ; 2              ; 0            ; 2              ; 3      ; 2               ; 2             ; 2               ; 0     ; 0              ; 0            ; 0                ; 0                 ;
; inst68|inst131           ; 2     ; 0              ; 0            ; 0              ; 1      ; 0               ; 0             ; 0               ; 0     ; 0              ; 0            ; 0                ; 0                 ;
; inst68|inst77            ; 14    ; 0              ; 0            ; 0              ; 10     ; 0               ; 0             ; 0               ; 0     ; 0              ; 0            ; 0                ; 0                 ;
; inst68|inst91            ; 20    ; 2              ; 0            ; 2              ; 3      ; 2               ; 2             ; 2               ; 0     ; 0              ; 0            ; 0                ; 0                 ;
; inst68|inst32224         ; 13    ; 0              ; 0            ; 0              ; 10     ; 0               ; 0             ; 0               ; 0     ; 0              ; 0            ; 0                ; 0                 ;
; inst68|inst890           ; 20    ; 2              ; 0            ; 2              ; 3      ; 2               ; 2             ; 2               ; 0     ; 0              ; 0            ; 0                ; 0                 ;
; inst68|inst3277          ; 20    ; 1              ; 0            ; 1              ; 11     ; 1               ; 1             ; 1               ; 0     ; 0              ; 0            ; 0                ; 0                 ;
; inst68|inst21312         ; 14    ; 0              ; 0            ; 0              ; 10     ; 0               ; 0             ; 0               ; 0     ; 0              ; 0            ; 0                ; 0                 ;
; inst68|inst119           ; 20    ; 2              ; 0            ; 2              ; 3      ; 2               ; 2             ; 2               ; 0     ; 0              ; 0            ; 0                ; 0                 ;
; inst68|inst31321         ; 20    ; 1              ; 0            ; 1              ; 11     ; 1               ; 1             ; 1               ; 0     ; 0              ; 0            ; 0                ; 0                 ;
; inst68|inst32222         ; 14    ; 0              ; 0            ; 0              ; 10     ; 0               ; 0             ; 0               ; 0     ; 0              ; 0            ; 0                ; 0                 ;
; inst68|inst888           ; 20    ; 2              ; 0            ; 2              ; 3      ; 2               ; 2             ; 2               ; 0     ; 0              ; 0            ; 0                ; 0                 ;
; inst68|inst75            ; 3     ; 0              ; 0            ; 0              ; 10     ; 0               ; 0             ; 0               ; 0     ; 0              ; 0            ; 0                ; 0                 ;
; inst68|inst4321          ; 20    ; 2              ; 0            ; 2              ; 3      ; 2               ; 2             ; 2               ; 0     ; 0              ; 0            ; 0                ; 0                 ;
; inst68|inst233           ; 3     ; 0              ; 0            ; 0              ; 10     ; 0               ; 0             ; 0               ; 0     ; 0              ; 0            ; 0                ; 0                 ;
; inst68|inst5321          ; 20    ; 2              ; 0            ; 2              ; 3      ; 2               ; 2             ; 2               ; 0     ; 0              ; 0            ; 0                ; 0                 ;
; inst68|inst301           ; 20    ; 1              ; 0            ; 1              ; 11     ; 1               ; 1             ; 1               ; 0     ; 0              ; 0            ; 0                ; 0                 ;
; inst68|inst211           ; 14    ; 0              ; 0            ; 0              ; 10     ; 0               ; 0             ; 0               ; 0     ; 0              ; 0            ; 0                ; 0                 ;
; inst68|inst121a          ; 20    ; 2              ; 0            ; 2              ; 3      ; 2               ; 2             ; 2               ; 0     ; 0              ; 0            ; 0                ; 0                 ;
; inst68|inst313213        ; 20    ; 1              ; 0            ; 1              ; 11     ; 1               ; 1             ; 1               ; 0     ; 0              ; 0            ; 0                ; 0                 ;
; inst68|inst2233          ; 14    ; 0              ; 0            ; 0              ; 10     ; 0               ; 0             ; 0               ; 0     ; 0              ; 0            ; 0                ; 0                 ;
; inst68|inst8666          ; 20    ; 2              ; 0            ; 2              ; 3      ; 2               ; 2             ; 2               ; 0     ; 0              ; 0            ; 0                ; 0                 ;
; inst68|inst82            ; 3     ; 0              ; 0            ; 0              ; 10     ; 0               ; 0             ; 0               ; 0     ; 0              ; 0            ; 0                ; 0                 ;
; inst68|inst432144        ; 20    ; 2              ; 0            ; 2              ; 3      ; 2               ; 2             ; 2               ; 0     ; 0              ; 0            ; 0                ; 0                 ;
; inst68|inst3123          ; 3     ; 0              ; 0            ; 0              ; 10     ; 0               ; 0             ; 0               ; 0     ; 0              ; 0            ; 0                ; 0                 ;
; inst68|inst565           ; 20    ; 2              ; 0            ; 2              ; 3      ; 2               ; 2             ; 2               ; 0     ; 0              ; 0            ; 0                ; 0                 ;
; inst68|inst3278          ; 20    ; 1              ; 0            ; 1              ; 11     ; 1               ; 1             ; 1               ; 0     ; 0              ; 0            ; 0                ; 0                 ;
; inst68|inst21313         ; 14    ; 0              ; 0            ; 0              ; 10     ; 0               ; 0             ; 0               ; 0     ; 0              ; 0            ; 0                ; 0                 ;
; inst68|inst120           ; 20    ; 2              ; 0            ; 2              ; 3      ; 2               ; 2             ; 2               ; 0     ; 0              ; 0            ; 0                ; 0                 ;
; inst68|inst31322         ; 20    ; 1              ; 0            ; 1              ; 11     ; 1               ; 1             ; 1               ; 0     ; 0              ; 0            ; 0                ; 0                 ;
; inst68|inst32223         ; 14    ; 0              ; 0            ; 0              ; 10     ; 0               ; 0             ; 0               ; 0     ; 0              ; 0            ; 0                ; 0                 ;
; inst68|inst889           ; 20    ; 2              ; 0            ; 2              ; 3      ; 2               ; 2             ; 2               ; 0     ; 0              ; 0            ; 0                ; 0                 ;
; inst68|inst76            ; 3     ; 0              ; 0            ; 0              ; 10     ; 0               ; 0             ; 0               ; 0     ; 0              ; 0            ; 0                ; 0                 ;
; inst68|inst4322          ; 20    ; 2              ; 0            ; 2              ; 3      ; 2               ; 2             ; 2               ; 0     ; 0              ; 0            ; 0                ; 0                 ;
; inst68|inst234           ; 3     ; 0              ; 0            ; 0              ; 10     ; 0               ; 0             ; 0               ; 0     ; 0              ; 0            ; 0                ; 0                 ;
; inst68|inst5322          ; 20    ; 2              ; 0            ; 2              ; 3      ; 2               ; 2             ; 2               ; 0     ; 0              ; 0            ; 0                ; 0                 ;
; inst68|inst107           ; 0     ; 10             ; 0            ; 10             ; 10     ; 10              ; 10            ; 10              ; 0     ; 0              ; 0            ; 0                ; 0                 ;
; inst68|inst106           ; 20    ; 1              ; 0            ; 1              ; 11     ; 1               ; 1             ; 1               ; 0     ; 0              ; 0            ; 0                ; 0                 ;
; inst68|inst30            ; 20    ; 1              ; 0            ; 1              ; 11     ; 1               ; 1             ; 1               ; 0     ; 0              ; 0            ; 0                ; 0                 ;
; inst68|inst104           ; 21    ; 0              ; 0            ; 0              ; 10     ; 0               ; 0             ; 0               ; 0     ; 0              ; 0            ; 0                ; 0                 ;
; inst68|inst7             ; 14    ; 0              ; 0            ; 0              ; 10     ; 0               ; 0             ; 0               ; 0     ; 0              ; 0            ; 0                ; 0                 ;
; inst68|inst118           ; 20    ; 2              ; 0            ; 2              ; 3      ; 2               ; 2             ; 2               ; 0     ; 0              ; 0            ; 0                ; 0                 ;
; inst68|inst8             ; 20    ; 2              ; 0            ; 2              ; 3      ; 2               ; 2             ; 2               ; 0     ; 0              ; 0            ; 0                ; 0                 ;
; inst68|inst4             ; 20    ; 2              ; 0            ; 2              ; 3      ; 2               ; 2             ; 2               ; 0     ; 0              ; 0            ; 0                ; 0                 ;
; inst68|inst5             ; 20    ; 2              ; 0            ; 2              ; 3      ; 2               ; 2             ; 2               ; 0     ; 0              ; 0            ; 0                ; 0                 ;
; inst68|inst112           ; 0     ; 10             ; 0            ; 10             ; 10     ; 10              ; 10            ; 10              ; 0     ; 0              ; 0            ; 0                ; 0                 ;
; inst68|inst17            ; 0     ; 10             ; 0            ; 10             ; 10     ; 10              ; 10            ; 10              ; 0     ; 0              ; 0            ; 0                ; 0                 ;
; inst68|inst11            ; 0     ; 10             ; 0            ; 10             ; 10     ; 10              ; 10            ; 10              ; 0     ; 0              ; 0            ; 0                ; 0                 ;
; inst68|inst126           ; 21    ; 0              ; 0            ; 0              ; 10     ; 0               ; 0             ; 0               ; 0     ; 0              ; 0            ; 0                ; 0                 ;
; inst68|inst103           ; 0     ; 10             ; 0            ; 10             ; 10     ; 10              ; 10            ; 10              ; 0     ; 0              ; 0            ; 0                ; 0                 ;
; inst68|inst49            ; 20    ; 2              ; 0            ; 2              ; 3      ; 2               ; 2             ; 2               ; 0     ; 0              ; 0            ; 0                ; 0                 ;
; inst68|inst68            ; 0     ; 10             ; 0            ; 10             ; 10     ; 10              ; 10            ; 10              ; 0     ; 0              ; 0            ; 0                ; 0                 ;
; inst68|inst65            ; 20    ; 1              ; 0            ; 1              ; 3      ; 1               ; 1             ; 1               ; 0     ; 0              ; 0            ; 0                ; 0                 ;
; inst68|inst35            ; 0     ; 10             ; 0            ; 10             ; 10     ; 10              ; 10            ; 10              ; 0     ; 0              ; 0            ; 0                ; 0                 ;
; inst68|inst62            ; 12    ; 0              ; 0            ; 0              ; 10     ; 0               ; 0             ; 0               ; 0     ; 0              ; 0            ; 0                ; 0                 ;
; inst68|inst28            ; 0     ; 10             ; 0            ; 10             ; 10     ; 10              ; 10            ; 10              ; 0     ; 0              ; 0            ; 0                ; 0                 ;
; inst68|inst27            ; 20    ; 1              ; 0            ; 1              ; 11     ; 1               ; 1             ; 1               ; 0     ; 0              ; 0            ; 0                ; 0                 ;
; inst68|inst31            ; 20    ; 1              ; 0            ; 1              ; 11     ; 1               ; 1             ; 1               ; 0     ; 0              ; 0            ; 0                ; 0                 ;
; inst68|inst110           ; 21    ; 0              ; 0            ; 0              ; 10     ; 0               ; 0             ; 0               ; 0     ; 0              ; 0            ; 0                ; 0                 ;
; inst68|inst116           ; 2     ; 0              ; 0            ; 0              ; 1      ; 0               ; 0             ; 0               ; 0     ; 0              ; 0            ; 0                ; 0                 ;
; inst68|inst59            ; 12    ; 0              ; 0            ; 0              ; 10     ; 0               ; 0             ; 0               ; 0     ; 0              ; 0            ; 0                ; 0                 ;
; inst68|inst57            ; 20    ; 2              ; 0            ; 2              ; 3      ; 2               ; 2             ; 2               ; 0     ; 0              ; 0            ; 0                ; 0                 ;
; inst68|inst60            ; 12    ; 0              ; 0            ; 0              ; 10     ; 0               ; 0             ; 0               ; 0     ; 0              ; 0            ; 0                ; 0                 ;
; inst68|inst70            ; 0     ; 10             ; 0            ; 10             ; 10     ; 10              ; 10            ; 10              ; 0     ; 0              ; 0            ; 0                ; 0                 ;
; inst68|inst74            ; 0     ; 10             ; 0            ; 10             ; 10     ; 10              ; 10            ; 10              ; 0     ; 0              ; 0            ; 0                ; 0                 ;
; inst68|inst72            ; 20    ; 2              ; 0            ; 2              ; 3      ; 2               ; 2             ; 2               ; 0     ; 0              ; 0            ; 0                ; 0                 ;
; inst68|inst1             ; 3     ; 0              ; 0            ; 0              ; 10     ; 0               ; 0             ; 0               ; 0     ; 0              ; 0            ; 0                ; 0                 ;
; inst68|inst69            ; 20    ; 2              ; 0            ; 2              ; 3      ; 2               ; 2             ; 2               ; 0     ; 0              ; 0            ; 0                ; 0                 ;
; inst68|inst              ; 3     ; 0              ; 0            ; 0              ; 10     ; 0               ; 0             ; 0               ; 0     ; 0              ; 0            ; 0                ; 0                 ;
; inst68|inst47            ; 20    ; 2              ; 0            ; 2              ; 3      ; 2               ; 2             ; 2               ; 0     ; 0              ; 0            ; 0                ; 0                 ;
; inst68|inst122           ; 4     ; 1              ; 0            ; 1              ; 1      ; 1               ; 1             ; 1               ; 0     ; 0              ; 0            ; 0                ; 0                 ;
; inst68|inst12            ; 1     ; 0              ; 0            ; 0              ; 1      ; 0               ; 0             ; 0               ; 0     ; 0              ; 0            ; 0                ; 0                 ;
; inst68|inst2             ; 14    ; 0              ; 0            ; 0              ; 10     ; 0               ; 0             ; 0               ; 0     ; 0              ; 0            ; 0                ; 0                 ;
; inst68|inst29            ; 20    ; 2              ; 0            ; 2              ; 3      ; 2               ; 2             ; 2               ; 0     ; 0              ; 0            ; 0                ; 0                 ;
; inst68|inst136           ; 2     ; 0              ; 0            ; 0              ; 1      ; 0               ; 0             ; 0               ; 0     ; 0              ; 0            ; 0                ; 0                 ;
; inst68|inst48            ; 4     ; 1              ; 0            ; 1              ; 1      ; 1               ; 1             ; 1               ; 0     ; 0              ; 0            ; 0                ; 0                 ;
; inst68|inst117           ; 2     ; 0              ; 0            ; 0              ; 1      ; 0               ; 0             ; 0               ; 0     ; 0              ; 0            ; 0                ; 0                 ;
; inst68|inst3             ; 13    ; 0              ; 0            ; 0              ; 10     ; 0               ; 0             ; 0               ; 0     ; 0              ; 0            ; 0                ; 0                 ;
; inst68|inst79            ; 20    ; 1              ; 0            ; 1              ; 3      ; 1               ; 1             ; 1               ; 0     ; 0              ; 0            ; 0                ; 0                 ;
; inst68                   ; 69    ; 1              ; 2            ; 1              ; 17     ; 1               ; 1             ; 1               ; 0     ; 0              ; 0            ; 0                ; 0                 ;
; inst9|inst2|inst40|inst4 ; 3     ; 1              ; 0            ; 1              ; 2      ; 1               ; 1             ; 1               ; 0     ; 0              ; 0            ; 0                ; 0                 ;
; inst9|inst2|inst40|inst3 ; 3     ; 0              ; 0            ; 0              ; 2      ; 0               ; 0             ; 0               ; 0     ; 0              ; 0            ; 0                ; 0                 ;
; inst9|inst2|inst40|inst2 ; 3     ; 0              ; 0            ; 0              ; 2      ; 0               ; 0             ; 0               ; 0     ; 0              ; 0            ; 0                ; 0                 ;
; inst9|inst2|inst40       ; 2     ; 0              ; 0            ; 0              ; 1      ; 0               ; 0             ; 0               ; 0     ; 0              ; 0            ; 0                ; 0                 ;
; inst9|inst2|inst29       ; 2     ; 0              ; 0            ; 0              ; 1      ; 0               ; 0             ; 0               ; 0     ; 0              ; 0            ; 0                ; 0                 ;
; inst9|inst2              ; 3     ; 0              ; 0            ; 0              ; 9      ; 0               ; 0             ; 0               ; 0     ; 0              ; 0            ; 0                ; 0                 ;
; inst9|inst               ; 8     ; 0              ; 0            ; 0              ; 5      ; 0               ; 0             ; 0               ; 0     ; 0              ; 0            ; 0                ; 0                 ;
; inst9|inst45             ; 1     ; 0              ; 0            ; 0              ; 1      ; 0               ; 0             ; 0               ; 0     ; 0              ; 0            ; 0                ; 0                 ;
; inst9|inst46             ; 2     ; 0              ; 0            ; 0              ; 1      ; 0               ; 0             ; 0               ; 0     ; 0              ; 0            ; 0                ; 0                 ;
; inst9                    ; 3     ; 0              ; 0            ; 0              ; 4      ; 0               ; 0             ; 0               ; 0     ; 0              ; 0            ; 0                ; 0                 ;
; inst113|inst24           ; 1     ; 1              ; 0            ; 1              ; 1      ; 1               ; 1             ; 1               ; 0     ; 0              ; 0            ; 0                ; 0                 ;
; inst113|inst18           ; 0     ; 4              ; 0            ; 4              ; 4      ; 4               ; 4             ; 4               ; 0     ; 0              ; 0            ; 0                ; 0                 ;
; inst113|inst19           ; 0     ; 4              ; 0            ; 4              ; 4      ; 4               ; 4             ; 4               ; 0     ; 0              ; 0            ; 0                ; 0                 ;
; inst113|inst2032134      ; 0     ; 4              ; 0            ; 4              ; 4      ; 4               ; 4             ; 4               ; 0     ; 0              ; 0            ; 0                ; 0                 ;
; inst113|inst7            ; 4     ; 1              ; 0            ; 1              ; 1      ; 1               ; 1             ; 1               ; 0     ; 0              ; 0            ; 0                ; 0                 ;
; inst113|inst4324         ; 20    ; 2              ; 0            ; 2              ; 3      ; 2               ; 2             ; 2               ; 0     ; 0              ; 0            ; 0                ; 0                 ;
; inst113|inst6            ; 0     ; 10             ; 0            ; 10             ; 10     ; 10              ; 10            ; 10              ; 0     ; 0              ; 0            ; 0                ; 0                 ;
; inst113|inst43           ; 0     ; 10             ; 0            ; 10             ; 10     ; 10              ; 10            ; 10              ; 0     ; 0              ; 0            ; 0                ; 0                 ;
; inst113|inst5            ; 0     ; 10             ; 0            ; 10             ; 10     ; 10              ; 10            ; 10              ; 0     ; 0              ; 0            ; 0                ; 0                 ;
; inst113|570              ; 13    ; 0              ; 0            ; 0              ; 10     ; 0               ; 0             ; 0               ; 0     ; 0              ; 0            ; 0                ; 0                 ;
; inst113|inst42           ; 20    ; 2              ; 0            ; 2              ; 3      ; 2               ; 2             ; 2               ; 0     ; 0              ; 0            ; 0                ; 0                 ;
; inst113|inst236          ; 13    ; 0              ; 0            ; 0              ; 10     ; 0               ; 0             ; 0               ; 0     ; 0              ; 0            ; 0                ; 0                 ;
; inst113|inst5324         ; 20    ; 2              ; 0            ; 2              ; 3      ; 2               ; 2             ; 2               ; 0     ; 0              ; 0            ; 0                ; 0                 ;
; inst113|inst122421       ; 20    ; 2              ; 0            ; 2              ; 3      ; 2               ; 2             ; 2               ; 0     ; 0              ; 0            ; 0                ; 0                 ;
; inst113|inst4            ; 0     ; 11             ; 0            ; 11             ; 11     ; 11              ; 11            ; 11              ; 0     ; 0              ; 0            ; 0                ; 0                 ;
; inst113|inst103          ; 22    ; 2              ; 0            ; 2              ; 3      ; 2               ; 2             ; 2               ; 0     ; 0              ; 0            ; 0                ; 0                 ;
; inst113|inst12           ; 1     ; 0              ; 0            ; 0              ; 1      ; 0               ; 0             ; 0               ; 0     ; 0              ; 0            ; 0                ; 0                 ;
; inst113|inst21315        ; 3     ; 0              ; 0            ; 0              ; 11     ; 0               ; 0             ; 0               ; 0     ; 0              ; 0            ; 0                ; 0                 ;
; inst113|inst5567         ; 22    ; 13             ; 0            ; 13             ; 3      ; 13              ; 13            ; 13              ; 0     ; 0              ; 0            ; 0                ; 0                 ;
; inst113|inst32225        ; 3     ; 0              ; 0            ; 0              ; 11     ; 0               ; 0             ; 0               ; 0     ; 0              ; 0            ; 0                ; 0                 ;
; inst113|inst891          ; 20    ; 2              ; 0            ; 2              ; 3      ; 2               ; 2             ; 2               ; 0     ; 0              ; 0            ; 0                ; 0                 ;
; inst113                  ; 25    ; 40             ; 1            ; 40             ; 53     ; 40              ; 40            ; 40              ; 0     ; 0              ; 0            ; 0                ; 0                 ;
; inst82                   ; 11    ; 0              ; 0            ; 0              ; 7      ; 0               ; 0             ; 0               ; 0     ; 0              ; 0            ; 0                ; 0                 ;
; inst90                   ; 7     ; 0              ; 0            ; 0              ; 8      ; 0               ; 0             ; 0               ; 0     ; 0              ; 0            ; 0                ; 0                 ;
; inst86                   ; 5     ; 1              ; 0            ; 1              ; 8      ; 1               ; 1             ; 1               ; 0     ; 0              ; 0            ; 0                ; 0                 ;
; inst|inst17              ; 0     ; 11             ; 0            ; 11             ; 11     ; 11              ; 11            ; 11              ; 0     ; 0              ; 0            ; 0                ; 0                 ;
; inst|inst20              ; 22    ; 2              ; 0            ; 2              ; 3      ; 2               ; 2             ; 2               ; 0     ; 0              ; 0            ; 0                ; 0                 ;
; inst|inst18              ; 0     ; 10             ; 0            ; 10             ; 10     ; 10              ; 10            ; 10              ; 0     ; 0              ; 0            ; 0                ; 0                 ;
; inst|inst19              ; 20    ; 2              ; 0            ; 2              ; 3      ; 2               ; 2             ; 2               ; 0     ; 0              ; 0            ; 0                ; 0                 ;
; inst|inst13              ; 0     ; 10             ; 0            ; 10             ; 10     ; 10              ; 10            ; 10              ; 0     ; 0              ; 0            ; 0                ; 0                 ;
; inst|inst11              ; 20    ; 2              ; 0            ; 2              ; 3      ; 2               ; 2             ; 2               ; 0     ; 0              ; 0            ; 0                ; 0                 ;
; inst|inst14              ; 0     ; 10             ; 0            ; 10             ; 10     ; 10              ; 10            ; 10              ; 0     ; 0              ; 0            ; 0                ; 0                 ;
; inst|inst5               ; 0     ; 10             ; 0            ; 10             ; 10     ; 10              ; 10            ; 10              ; 0     ; 0              ; 0            ; 0                ; 0                 ;
; inst|inst3               ; 20    ; 2              ; 0            ; 2              ; 3      ; 2               ; 2             ; 2               ; 0     ; 0              ; 0            ; 0                ; 0                 ;
; inst|inst1               ; 3     ; 0              ; 0            ; 0              ; 10     ; 0               ; 0             ; 0               ; 0     ; 0              ; 0            ; 0                ; 0                 ;
; inst|inst12              ; 20    ; 2              ; 0            ; 2              ; 3      ; 2               ; 2             ; 2               ; 0     ; 0              ; 0            ; 0                ; 0                 ;
; inst|inst8               ; 0     ; 11             ; 0            ; 11             ; 11     ; 11              ; 11            ; 11              ; 0     ; 0              ; 0            ; 0                ; 0                 ;
; inst|inst6               ; 22    ; 2              ; 0            ; 2              ; 3      ; 2               ; 2             ; 2               ; 0     ; 0              ; 0            ; 0                ; 0                 ;
; inst|inst9               ; 0     ; 11             ; 0            ; 11             ; 11     ; 11              ; 11            ; 11              ; 0     ; 0              ; 0            ; 0                ; 0                 ;
; inst|inst4               ; 0     ; 11             ; 0            ; 11             ; 11     ; 11              ; 11            ; 11              ; 0     ; 0              ; 0            ; 0                ; 0                 ;
; inst|inst2               ; 22    ; 1              ; 0            ; 1              ; 3      ; 1               ; 1             ; 1               ; 0     ; 0              ; 0            ; 0                ; 0                 ;
; inst|inst                ; 3     ; 0              ; 0            ; 0              ; 11     ; 0               ; 0             ; 0               ; 0     ; 0              ; 0            ; 0                ; 0                 ;
; inst|inst7               ; 22    ; 2              ; 0            ; 2              ; 3      ; 2               ; 2             ; 2               ; 0     ; 0              ; 0            ; 0                ; 0                 ;
; inst                     ; 1     ; 0              ; 0            ; 0              ; 23     ; 0               ; 0             ; 0               ; 0     ; 0              ; 0            ; 0                ; 0                 ;
+--------------------------+-------+----------------+--------------+----------------+--------+-----------------+---------------+-----------------+-------+----------------+--------------+------------------+-------------------+
